00160019
00000007
000001d8
00000001
000001df
002800cb
00000001
002c00cb
00000002
002e0097
001e0000
436f7265
41686253
4452204d
61737465
72205465
73742048
61726e65
73730000
002f00a2
00000001
00350084
000001d3
0036008c
000186a0
00370089
00002710
003a00a6
00000000
003b0005
00000006
00000000
0000500d
003c000d
00000006
00000000
0000500d
003d0004
00000006
00000000
000000dd
003e0004
00000007
00000000
000000ee
003f000d
00000006
00000000
0000eedd
00410005
00000000
00000000
0000500d
00420005
00000002
00000000
0000eedd
0043000e
00000000
00000000
eedd500d
004700a6
00000001
00490022
00000004
00000000
00000000
11111111
22222222
33333333
44444444
004a0032
00000004
00000000
00000000
11111111
22222222
33333333
44444444
004d00a6
00000000
004f0006
00000004
00000000
55555555
00500006
00000008
00000000
66666666
00510006
00000010
00000000
44444444
00520006
00000004
00000000
55555555
00530006
00000008
00000000
66666666
00540006
00000010
00000000
44444444
00550006
00000004
00000000
55555555
00560006
00000008
00000000
66666666
00570006
00000010
00000000
44444444
005a00a6
00000002
005c0022
00000004
00000000
00000000
11111111
22222222
33333333
44444444
005d0022
00000004
00000000
00000010
55555555
66666666
77777777
88888888
005e0022
00000004
00000000
00000020
12121212
34343434
56565656
78787878
005f0022
00000004
00000000
00000030
21212121
43434343
65656565
87878787
00600022
00000004
00000000
00000040
11110000
22220000
33330000
44440000
00610022
00000004
00000000
00000050
55550000
66660000
77770000
88880000
00630089
000003e8
006500a6
00000002
00670022
00000004
00000000
00000000
11111111
22222222
33333333
44444444
00680022
00000004
00000000
00000010
55555555
66666666
77777777
88888888
00690022
00000004
00000000
00000020
12121212
34343434
56565656
78787878
006a0022
00000004
00000000
00000030
21212121
43434343
65656565
87878787
006b0022
00000004
00000000
00000040
11110000
22220000
33330000
44440000
006c0022
00000004
00000000
00000050
55550000
66660000
77770000
88880000
006e00a6
00000000
0070000e
00000000
00000000
11111111
0071000e
00000004
00000000
22222222
0072000e
00000008
00000000
33333333
0073000e
0000000c
00000000
44444444
0074000e
00000010
00000000
55555555
0075000e
00000014
00000000
66666666
0076000e
00000018
00000000
77777777
0077000e
0000001c
00000000
88888888
007900a6
00000002
007b0032
00000004
00000000
00000000
11111111
22222222
33333333
44444444
007c0032
00000004
00000010
00000000
55555555
66666666
77777777
88888888
007d0032
00000004
00000020
00000000
12121212
34343434
56565656
78787878
007f0022
00000004
00000000
00000034
11111111
22222222
33333333
44444444
00800032
00000004
00000034
00000000
11111111
22222222
33333333
44444444
00810022
00000004
00000000
00000050
11111111
22222222
33333333
44444444
00820032
00000004
00000050
00000000
11111111
22222222
33333333
44444444
00830022
00000004
00000000
00000068
11111111
22222222
33333333
44444444
00840032
00000004
00000068
00000000
11111111
22222222
33333333
44444444
008600a6
00000004
00880022
00000008
00000000
00000034
11111111
11111111
11111111
11111111
11111111
11111111
11111111
11111111
00890032
00000008
00000034
00000000
11111111
11111111
11111111
11111111
11111111
11111111
11111111
11111111
008b00a6
00000005
008d0022
00000008
00000000
00000034
11111111
11111111
11111111
11111111
11111111
11111111
11111111
11111111
008e0032
00000008
00000034
00000000
11111111
11111111
11111111
11111111
11111111
11111111
11111111
11111111
009100a6
00000006
00920022
00000010
00000000
00000008
33333333
11111111
11111111
11111111
11111111
11111111
11111111
11111111
11111111
11111111
11111111
11111111
11111111
11111111
11111111
22222222
00930032
00000010
00000008
00000000
33333333
11111111
11111111
11111111
11111111
11111111
11111111
11111111
11111111
11111111
11111111
11111111
11111111
11111111
11111111
22222222
009500a6
00000007
00960022
00000010
00000000
00000000
11111111
22222222
33333333
44444444
11111111
22222222
33333333
44444444
11111111
22222222
33333333
44444444
11111111
22222222
33333333
44444444
00970032
00000010
00000000
00000000
11111111
22222222
33333333
44444444
11111111
22222222
33333333
44444444
11111111
22222222
33333333
44444444
11111111
22222222
33333333
44444444
00990089
000003e8
009f0086
00000002
00a503c9
00002000
00006100
00a60086
00000000
00000098
00120000
73637269
7074732f
6d617374
65722e62
666d0000
